PredictionResult(low=array([19.58501625, 19.58636856, 19.58318329, 19.56345654, 19.56711292,
       19.55287838, 19.56046677, 19.55176926, 19.55527496, 19.54829788]), median=array([19.643824, 19.641665, 19.640707, 19.62937 , 19.634563, 19.624199,
       19.632067, 19.633022, 19.63732 , 19.63401 ], dtype=float32), high=array([19.702631  , 19.69696045, 19.69823074, 19.69528294, 19.70201397,
       19.69551945, 19.70366669, 19.71427536, 19.71936417, 19.71972275]), model_score=0.3992559864392877, atr=0.0)PredictionResult(low=array([16.50525951, 16.47286129, 16.44740868, 16.41875172, 16.39945698,
       16.38239574, 16.37514877, 16.37283325, 16.3574667 , 16.347785  ]), median=array([16.620266, 16.610903, 16.601625, 16.584183, 16.57625 , 16.569952,
       16.571959, 16.574371, 16.572927, 16.57899 ], dtype=float32), high=array([16.73527241, 16.74894428, 16.75584221, 16.74961376, 16.75304317,
       16.75750828, 16.76876831, 16.77590942, 16.78838825, 16.81019688]), model_score=0.050290979171119875, atr=0.12333333333333367)

PredictionResult(low=array([16.62042904, 16.58131599, 16.51781559, 16.48000717, 16.44909954,
       16.43408966, 16.41727257, 16.40949631, 16.39221096, 16.38149834]), median=array([16.71727 , 16.707148, 16.66566 , 16.650723, 16.638233, 16.630594,
       16.631678, 16.631575, 16.637897, 16.637257], dtype=float32), high=array([16.81411076, 16.8329792 , 16.81350613, 16.82143784, 16.82736683,
       16.82709885, 16.84608269, 16.85365295, 16.88358402, 16.89301491]), model_score=0.16293265229556736, atr=0.17666666666666705)

PredictionResult(low=array([16.68143368, 16.6447134 , 16.61259556, 16.58555984, 16.54922962,
       16.53530788, 16.51682186, 16.49510002, 16.47706795, 16.46721745]), median=array([16.769855, 16.762753, 16.757578, 16.761707, 16.751518, 16.752174,
       16.755133, 16.751633, 16.75097 , 16.75228 ], dtype=float32), high=array([16.85827732, 16.88079166, 16.90256023, 16.93785477, 16.95380688,
       16.96904087, 16.99344349, 17.00816536, 17.02487373, 17.03734112]), model_score=0.017613074369130552, atr=0.20999999999999966)

PredictionResult(low=array([16.4734211 , 16.43686962, 16.41088295, 16.38923359, 16.3740778 ,
       16.36042786, 16.35495281, 16.35101128, 16.33510685, 16.31460857]), median=array([16.557407, 16.542599, 16.538055, 16.531172, 16.52933 , 16.532137,
       16.535366, 16.538284, 16.537378, 16.53717 ], dtype=float32), high=array([16.64139366, 16.64832783, 16.66522789, 16.67311001, 16.6845808 ,
       16.70384598, 16.7157793 , 16.72555733, 16.73964977, 16.75973225]), model_score=0.10431565610135304, atr=0.21999999999999886)

PredictionResult(low=array([16.55228519, 16.52319717, 16.50416279, 16.4859066 , 16.46886826,
       16.45332623, 16.44182587, 16.43674088, 16.41985703, 16.4071064 ]), median=array([16.621626, 16.614878, 16.615408, 16.612417, 16.61168 , 16.61107 ,
       16.61383 , 16.614626, 16.614164, 16.61443 ], dtype=float32), high=array([16.69096661, 16.70655823, 16.7266531 , 16.73892784, 16.7544899 ,
       16.76881504, 16.78583527, 16.79251099, 16.80847168, 16.82175255]), model_score=0.020918076723250915, atr=0.1666666666666655)

PredictionResult(low=array([16.56105232, 16.53423405, 16.51372719, 16.4937191 , 16.47490311,
       16.45959568, 16.44902802, 16.43787193, 16.4208231 , 16.40925217]), median=array([16.618708, 16.614979, 16.61717 , 16.613928, 16.614233, 16.613117,
       16.615976, 16.615406, 16.613504, 16.61455 ], dtype=float32), high=array([16.67636299, 16.69572353, 16.72061348, 16.73413658, 16.75356293,
       16.76663876, 16.78292465, 16.79294014, 16.80618572, 16.81984711]), model_score=0.023596073777353718, atr=0.1566666666666663)

PredictionResult(low=array([16.6162796 , 16.59308243, 16.57061481, 16.54930115, 16.52822113,
       16.51204395, 16.49555492, 16.48133087, 16.46148109, 16.45264244]), median=array([16.674526, 16.669321, 16.669014, 16.668602, 16.66599 , 16.663198,
       16.664087, 16.663149, 16.66297 , 16.666615], dtype=float32), high=array([16.73277283, 16.74555969, 16.76741314, 16.78790283, 16.80376053,
       16.81435299, 16.83261967, 16.84496689, 16.86445808, 16.88058662]), model_score=0.015295274642524953, atr=0.08333333333333452)

PredictionResult(low=array([17.22658539, 17.08254814, 17.00590038, 16.96387291, 16.93080616,
       16.90983963, 16.89528751, 16.88663197, 16.872859  , 16.87181282]), median=array([17.825737, 17.733425, 17.67415 , 17.654045, 17.617409, 17.594126,
       17.573685, 17.56083 , 17.565248, 17.559649], dtype=float32), high=array([18.42488861, 18.38430214, 18.34240055, 18.3442173 , 18.30401134,
       18.27841187, 18.25208187, 18.23502636, 18.25763798, 18.24748421]), model_score=0.17983150597228276, atr=0.46000000000000085)

PredictionResult(low=array([17.465312  , 17.35622311, 17.27371407, 17.22494125, 17.16668129,
       17.10646152, 17.07964325, 17.06685352, 17.0485611 , 17.01830578]), median=array([17.845705, 17.810373, 17.773294, 17.746204, 17.70606 , 17.666325,
       17.64846 , 17.640995, 17.6432  , 17.6255  ], dtype=float32), high=array([18.22609806, 18.26452351, 18.27287483, 18.2674675 , 18.24543953,
       18.22618771, 18.21727753, 18.21513653, 18.23783875, 18.23269367]), model_score=0.26824063890860783, atr=0.6799999999999997)

PredictionResult(low=array([17.53358936, 17.47408867, 17.43862057, 17.38905716, 17.3532505 ,
       17.32406616, 17.30529213, 17.28743458, 17.2681427 , 17.25266171]), median=array([17.766365, 17.75977 , 17.749191, 17.733871, 17.717365, 17.707745,
       17.702507, 17.694818, 17.688835, 17.690815], dtype=float32), high=array([17.99914074, 18.04545021, 18.059762  , 18.07868576, 18.08148003,
       18.09142303, 18.09972191, 18.10220242, 18.10952759, 18.12896824]), model_score=0.14960517838880757, atr=0.7899999999999991)

PredictionResult(low=array([17.71959425, 17.68349294, 17.6467249 , 17.62109111, 17.60218589,
       17.5912923 , 17.57385273, 17.55560104, 17.52919263, 17.51347211]), median=array([17.928415, 17.926384, 17.918465, 17.916088, 17.913439, 17.908487,
       17.910349, 17.907497, 17.906885, 17.907251], dtype=float32), high=array([18.13723634, 18.16927501, 18.19020442, 18.2110851 , 18.2246917 ,
       18.22568234, 18.24684505, 18.25939377, 18.28457766, 18.3010306 ]), model_score=0.09040259685940259, atr=0.5533333333333333)

PredictionResult(low=array([17.79144731, 17.74880304, 17.69909836, 17.66774753, 17.65332795,
       17.62304299, 17.60378758, 17.58067838, 17.5440316 , 17.53408173]), median=array([18.005796, 18.002392, 17.996677, 17.992857, 17.99149 , 17.986626,
       17.988476, 17.986416, 17.984774, 17.985651], dtype=float32), high=array([18.22014556, 18.25598059, 18.29425644, 18.31796643, 18.32965087,
       18.35020835, 18.37316401, 18.39215335, 18.42551568, 18.43722031]), model_score=0.0851667394186641, atr=0.4533333333333343)

PredictionResult(low=array([17.94047793, 17.86474957, 17.81114241, 17.76456034, 17.74503288,
       17.7130848 , 17.69300201, 17.66093514, 17.65293974, 17.62726641]), median=array([18.185099, 18.161617, 18.148233, 18.141012, 18.136972, 18.12468 ,
       18.126724, 18.117727, 18.121307, 18.113558], dtype=float32), high=array([18.42971937, 18.45848499, 18.48532442, 18.51746405, 18.52891198,
       18.53627434, 18.56044648, 18.57451942, 18.58967501, 18.59984922]), model_score=0.18393739114555102, atr=0.45000000000000046)

PredictionResult(low=array([17.8645568 , 17.81311929, 17.75564761, 17.71886772, 17.69673756,
       17.66152174, 17.6383409 , 17.61756647, 17.57859361, 17.55985388]), median=array([18.120007, 18.117414, 18.111988, 18.11136 , 18.11255 , 18.106468,
       18.112383, 18.108896, 18.113031, 18.112583], dtype=float32), high=array([18.37545632, 18.42170966, 18.46832853, 18.50385338, 18.52836391,
       18.55141466, 18.58642487, 18.60022604, 18.64746916, 18.66531244]), model_score=0.10844876406650283, atr=0.36666666666666714)

PredictionResult(low=array([18.04160118, 17.90256691, 17.84200287, 17.75086975, 17.70440292,
       17.6687479 , 17.66653919, 17.60597229, 17.58782864, 17.55495262]), median=array([18.740807, 18.691294, 18.676727, 18.65498 , 18.636864, 18.618488,
       18.629719, 18.607317, 18.613306, 18.584642], dtype=float32), high=array([19.44001198, 19.48002052, 19.51145172, 19.55908966, 19.56932449,
       19.56822872, 19.59289837, 19.60866165, 19.63878345, 19.6143322 ]), model_score=0.16618104256964367, atr=0.5499999999999995)

PredictionResult(low=array([18.32854462, 18.20708084, 18.11791515, 18.05818558, 18.04589844,
       17.98437023, 17.95938396, 17.90759945, 17.88551044, 17.83864689]), median=array([18.921036, 18.877373, 18.85142 , 18.84323 , 18.84882 , 18.820158,
       18.82042 , 18.798666, 18.800772, 18.76589 ], dtype=float32), high=array([19.51352692, 19.54766464, 19.58492374, 19.62827301, 19.65174103,
       19.65594578, 19.68145466, 19.68973255, 19.71603298, 19.69313335]), model_score=0.12675580230875422, atr=0.5799999999999995)

PredictionResult(low=array([18.3558423 , 18.27203243, 18.20651507, 18.14703116, 18.13771799,
       18.06747239, 18.03430974, 18.00549042, 17.99408485, 17.93988792]), median=array([18.757856, 18.730791, 18.717922, 18.711454, 18.715714, 18.68812 ,
       18.691525, 18.683601, 18.691889, 18.671757], dtype=float32), high=array([19.15987044, 19.18954976, 19.22932935, 19.27587763, 19.29370901,
       19.30876739, 19.34873927, 19.36171234, 19.38969277, 19.40362557]), model_score=0.1922517471781939, atr=0.5633333333333326)

PredictionResult(low=array([18.53937626, 18.49266243, 18.34920883, 18.2590065 , 18.29948711,
       18.14939594, 18.11900997, 18.05832195, 18.02051163, 17.97129726]), median=array([19.319002, 19.312977, 19.249748, 19.231024, 19.25482 , 19.193132,
       19.204153, 19.176888, 19.180038, 19.160355], dtype=float32), high=array([20.09862804, 20.13329124, 20.15028763, 20.20304108, 20.21015263,
       20.23686886, 20.28929615, 20.29545307, 20.33956528, 20.34941196]), model_score=0.230987641308212, atr=0.4966666666666673)

PredictionResult(low=array([19.03455257, 18.94655323, 18.87476349, 18.85337448, 18.84023094,
       18.73629665, 18.71059799, 18.64461613, 18.62358952, 18.58292961]), median=array([19.72321 , 19.690462, 19.701723, 19.74201 , 19.759752, 19.711943,
       19.756357, 19.74974 , 19.785944, 19.75735 ], dtype=float32), high=array([20.41186619, 20.43437099, 20.52868271, 20.63064575, 20.67927361,
       20.68758869, 20.80211639, 20.85486507, 20.94829845, 20.93177223]), model_score=0.023864696037733744, atr=0.340000000000001)

PredictionResult(low=array([19.15362508, 19.0967497 , 19.05223457, 19.00506648, 18.97136351,
       18.88618263, 18.8555241 , 18.82481062, 18.78159613, 18.7340367 ]), median=array([19.66976 , 19.670904, 19.696041, 19.696842, 19.722727, 19.695038,
       19.721258, 19.729181, 19.759018, 19.734955], dtype=float32), high=array([20.18589442, 20.24505862, 20.33984764, 20.38861791, 20.47409013,
       20.50389306, 20.58699223, 20.63355196, 20.73643976, 20.73587297]), model_score=0.01682425704587063, atr=0.26333333333333425)

PredictionResult(low=array([19.16936849, 19.13879879, 19.0357799 , 19.02186875, 18.97999319,
       18.88922699, 18.85487244, 18.82553852, 18.76867585, 18.71491929]), median=array([19.72421 , 19.736942, 19.73133 , 19.74181 , 19.768206, 19.737015,
       19.76148 , 19.78012 , 19.79705 , 19.765106], dtype=float32), high=array([20.27905299, 20.3350858 , 20.42688184, 20.46175094, 20.5564181 ,
       20.58480255, 20.66808822, 20.73470318, 20.82542511, 20.81529311]), model_score=0.03875277925653442, atr=0.0)

PredictionResult(low=array([19.16203405, 19.11077223, 19.01322534, 18.97722827, 18.90228583,
       18.81011136, 18.77458293, 18.71346   , 18.62840034, 18.58382677]), median=array([19.719616, 19.71446 , 19.720057, 19.724388, 19.733423, 19.695011,
       19.716976, 19.72456 , 19.72123 , 19.688915], dtype=float32), high=array([20.27719782, 20.31814851, 20.42688773, 20.47154797, 20.56456064,
       20.57991092, 20.6593694 , 20.73565956, 20.81405877, 20.79400373]), model_score=0.016622464493217914, atr=0.0)

PredictionResult(low=array([19.02466749, 18.97789434, 18.88513186, 18.82707779, 18.76262895,
       18.66203212, 18.61410727, 18.53532518, 18.44306259, 18.38798754]), median=array([19.636177, 19.627445, 19.627705, 19.612747, 19.616833, 19.569996,
       19.56782 , 19.559395, 19.542273, 19.50866 ], dtype=float32), high=array([20.24768664, 20.2769961 , 20.37027738, 20.3984166 , 20.47103652,
       20.47795964, 20.52153192, 20.58346449, 20.64148254, 20.62933118]), model_score=0.056810258451601446, atr=0.0)

PredictionResult(low=array([19.00039432, 18.94698825, 18.85747949, 18.81837481, 18.74419263,
       18.64306115, 18.59359594, 18.51183263, 18.42440874, 18.35635349]), median=array([19.618917, 19.614925, 19.62029 , 19.619202, 19.619131, 19.573498,
       19.5664  , 19.559986, 19.545929, 19.516632], dtype=float32), high=array([20.23744061, 20.28286252, 20.38310202, 20.42002851, 20.49406955,
       20.50393439, 20.53920512, 20.6081396 , 20.66744917, 20.67691067]), model_score=0.05711428544660514, atr=0.0)

PredictionResult(low=array([19.05195856, 19.01463747, 18.94534492, 18.9053669 , 18.81582832,
       18.73253822, 18.69639683, 18.59596586, 18.51765919, 18.45334625]), median=array([19.638504, 19.645586, 19.655003, 19.648537, 19.638535, 19.589186,
       19.585684, 19.572598, 19.562033, 19.54682 ], dtype=float32), high=array([20.2250495 , 20.27653456, 20.36466026, 20.39170647, 20.46124077,
       20.44583321, 20.47497082, 20.54922915, 20.60640621, 20.64029312]), model_score=0.04672560559190538, atr=0.0)

PredictionResult(low=array([19.13736439, 19.11679792, 19.0680337 , 19.04616594, 18.97894096,
       18.9075284 , 18.89222956, 18.79741859, 18.77155638, 18.69740963]), median=array([19.674593, 19.682673, 19.701748, 19.699955, 19.695065, 19.655369,
       19.65674 , 19.651882, 19.653078, 19.645748], dtype=float32), high=array([20.21182156, 20.24854708, 20.33546209, 20.35374403, 20.41118813,
       20.40320921, 20.42125082, 20.50634575, 20.53459978, 20.59408665]), model_score=0.015271533614321167, atr=0.0)

PredictionResult(low=array([19.13750219, 19.11248398, 19.06716537, 19.04876232, 18.97846174,
       18.91670704, 18.89435625, 18.81679392, 18.78623104, 18.72565031]), median=array([19.6506  , 19.658215, 19.674751, 19.668093, 19.668524, 19.634418,
       19.637314, 19.633327, 19.64026 , 19.634504], dtype=float32), high=array([20.16369867, 20.20394516, 20.28233719, 20.28742313, 20.35858583,
       20.35212994, 20.38027143, 20.44986105, 20.49429035, 20.54335833]), model_score=0.02818400345359796, atr=0.0)

PredictionResult(low=array([19.2279768 , 19.21173763, 19.17539787, 19.14971876, 19.0961051 ,
       19.0343256 , 19.02520609, 18.9513154 , 18.93122053, 18.87702656]), median=array([19.637518, 19.644453, 19.651844, 19.644297, 19.646654, 19.616177,
       19.620792, 19.616787, 19.62461 , 19.621288], dtype=float32), high=array([20.04705906, 20.07716846, 20.12829018, 20.13887453, 20.19720316,
       20.19802761, 20.21637869, 20.28225851, 20.31800127, 20.36555004]), model_score=0.05121667906831173, atr=0.0)

PredictionResult(low=array([19.291646  , 19.25525475, 19.2285099 , 19.20121241, 19.1491785 ,
       19.08951664, 19.08056641, 19.00722885, 18.98852158, 18.92687702]), median=array([19.641373, 19.637554, 19.64373 , 19.63436 , 19.639687, 19.611553,
       19.61841 , 19.612268, 19.621456, 19.612574], dtype=float32), high=array([19.99109936, 20.01985359, 20.05895042, 20.06750631, 20.13019466,
       20.13358974, 20.15625381, 20.21730804, 20.25439072, 20.29827023]), model_score=0.06258649442173184, atr=0.0)

PredictionResult(low=array([19.28338051, 19.24940586, 19.22152472, 19.19255638, 19.14325237,
       19.07138538, 19.07259226, 19.00576258, 18.97250795, 18.9163518 ]), median=array([19.622059, 19.624224, 19.634544, 19.627508, 19.632969, 19.605429,
       19.618778, 19.617418, 19.62809 , 19.620266], dtype=float32), high=array([19.96073723, 19.99904156, 20.04756403, 20.06245995, 20.12268543,
       20.13947201, 20.1649642 , 20.229074  , 20.28367186, 20.32418013]), model_score=0.0685696087372126, atr=0.0)

PredictionResult(low=array([19.32547951, 19.2929225 , 19.27397251, 19.24108028, 19.19762135,
       19.14247417, 19.1357007 , 19.07466602, 19.05624723, 19.01259947]), median=array([19.61738 , 19.613503, 19.615364, 19.609814, 19.613686, 19.586243,
       19.598698, 19.595015, 19.60262 , 19.59398 ], dtype=float32), high=array([19.90928078, 19.93408251, 19.95675564, 19.9785471 , 20.02974987,
       20.03001118, 20.06169462, 20.11536312, 20.14899111, 20.17536211]), model_score=0.1022748680469838, atr=0.0)

PredictionResult(low=array([19.34761   , 19.32435846, 19.30430508, 19.2580924 , 19.24377537,
       19.21381378, 19.20625496, 19.16035318, 19.15213013, 19.12832832]), median=array([19.627048, 19.622055, 19.621798, 19.6135  , 19.61804 , 19.594845,
       19.61151 , 19.610647, 19.61657 , 19.613338], dtype=float32), high=array([19.90648699, 19.91975164, 19.93929005, 19.96890879, 19.9923048 ,
       19.97587585, 20.01676369, 20.06094122, 20.08100891, 20.09834862]), model_score=0.10057972177426378, atr=0.0)

PredictionResult(low=array([19.35764265, 19.33814669, 19.31722879, 19.27649355, 19.26123619,
       19.2404933 , 19.23460054, 19.19889116, 19.19600821, 19.17462969]), median=array([19.608576, 19.602036, 19.602757, 19.594217, 19.596176, 19.575636,
       19.593952, 19.596857, 19.603296, 19.60069 ], dtype=float32), high=array([19.85950899, 19.86592436, 19.88828421, 19.91194105, 19.9311161 ,
       19.91077852, 19.95330381, 19.99482298, 20.01058435, 20.026752  ]), model_score=0.14049710270615534, atr=0.0)

PredictionResult(low=array([19.36737967, 19.33900356, 19.31735325, 19.27441072, 19.25925159,
       19.23658609, 19.23131847, 19.19360256, 19.18801451, 19.16793728]), median=array([19.601976, 19.595194, 19.595192, 19.585945, 19.58772 , 19.567165,
       19.584717, 19.586922, 19.592842, 19.589352], dtype=float32), high=array([19.83657312, 19.85138416, 19.87303066, 19.89747953, 19.91619015,
       19.89774466, 19.93811512, 19.98024082, 19.9976697 , 20.01076603]), model_score=0.15710970462000565, atr=0.0)

PredictionResult(low=array([19.35663509, 19.34254026, 19.32283115, 19.26932573, 19.27154827,
       19.24547291, 19.24675703, 19.2095809 , 19.20876169, 19.18941355]), median=array([19.60346 , 19.59621 , 19.596159, 19.587288, 19.591578, 19.570843,
       19.588404, 19.590519, 19.594292, 19.59086 ], dtype=float32), high=array([19.85028553, 19.8498807 , 19.86948681, 19.90525007, 19.91160679,
       19.89621258, 19.93005037, 19.971457  , 19.97982168, 19.99230719]), model_score=0.1557046604388767, atr=0.0)

PredictionResult(low=array([19.36068869, 19.33981657, 19.3179574 , 19.26924753, 19.26826239,
       19.24311018, 19.23804522, 19.19474173, 19.19612074, 19.16806602]), median=array([19.610296, 19.603186, 19.601892, 19.594172, 19.600258, 19.583202,
       19.599123, 19.599512, 19.60566 , 19.600834], dtype=float32), high=array([19.85990381, 19.86655474, 19.88582754, 19.91909552, 19.93225336,
       19.92329454, 19.96020079, 20.00428247, 20.01519823, 20.03360176]), model_score=0.13628238400055365, atr=0.0)

PredictionResult(low=array([19.35978413, 19.34187841, 19.321033  , 19.27791262, 19.27115536,
       19.23693705, 19.23664427, 19.19711113, 19.1969223 , 19.17427731]), median=array([19.60125 , 19.596464, 19.59578 , 19.588503, 19.594007, 19.57568 ,
       19.592157, 19.594316, 19.602215, 19.600594], dtype=float32), high=array([19.84271526, 19.8510499 , 19.87052584, 19.89909315, 19.91685963,
       19.91442251, 19.94767046, 19.99152184, 20.00750732, 20.02690983]), model_score=0.14909080915195477, atr=0.0)

PredictionResult(low=array([19.36716318, 19.34748459, 19.33013916, 19.28214025, 19.27359009,
       19.24713802, 19.24045849, 19.19982815, 19.19832277, 19.17194605]), median=array([19.59629 , 19.592007, 19.591637, 19.584143, 19.589304, 19.571335,
       19.587524, 19.589895, 19.597128, 19.594946], dtype=float32), high=array([19.825418  , 19.83652878, 19.85313416, 19.88614511, 19.90501785,
       19.89553165, 19.93459034, 19.97996235, 19.99593306, 20.01794577]), model_score=0.1615383721400931, atr=0.0)

PredictionResult(low=array([19.35205317, 19.34369516, 19.32793427, 19.28130579, 19.27574873,
       19.24189949, 19.2418375 , 19.20216322, 19.2008872 , 19.17520046]), median=array([19.586483, 19.582903, 19.583271, 19.575722, 19.582186, 19.564585,
       19.581026, 19.581804, 19.589016, 19.587688], dtype=float32), high=array([19.82091284, 19.82211065, 19.83860779, 19.87013769, 19.88862276,
       19.88726997, 19.92021465, 19.96144533, 19.97714472, 20.00017643]), model_score=0.17751478634957457, atr=0.0)

PredictionResult(low=array([19.37904692, 19.36707163, 19.35524559, 19.31170797, 19.29738712,
       19.27225542, 19.26862049, 19.22924423, 19.218431  , 19.19685888]), median=array([19.595715, 19.591516, 19.591661, 19.58325 , 19.586079, 19.568264,
       19.584187, 19.583353, 19.58719 , 19.583614], dtype=float32), high=array([19.81238222, 19.81596136, 19.82807732, 19.85479212, 19.87477016,
       19.86427259, 19.89975262, 19.93746185, 19.95595026, 19.97036982]), model_score=0.18222426406429523, atr=0.0)

PredictionResult(low=array([19.36499786, 19.36146736, 19.34907866, 19.29641056, 19.2939043 ,
       19.2754941 , 19.26851273, 19.23375797, 19.2362237 , 19.21063566]), median=array([19.585087, 19.579859, 19.579393, 19.57052 , 19.57388 , 19.557026,
       19.57035 , 19.57142 , 19.576092, 19.573053], dtype=float32), high=array([19.80517578, 19.7982502 , 19.80970812, 19.84463024, 19.85385418,
       19.83855772, 19.87218857, 19.90908337, 19.91595984, 19.93547106]), model_score=0.20947410638608033, atr=0.0)

PredictionResult(low=array([19.37063551, 19.37131691, 19.35714483, 19.31071997, 19.31394386,
       19.28980446, 19.28984833, 19.26180029, 19.26769447, 19.2457819 ]), median=array([19.600912, 19.59542 , 19.59464 , 19.586124, 19.589231, 19.570566,
       19.584658, 19.586681, 19.591629, 19.589481], dtype=float32), high=array([19.83118868, 19.81952477, 19.83213663, 19.86152887, 19.86451912,
       19.8513279 , 19.87946701, 19.91156244, 19.91556358, 19.93318081]), model_score=0.18251943271261212, atr=0.0)

PredictionResult(low=array([19.37658691, 19.37552834, 19.36838579, 19.32710171, 19.33606577,
       19.30841923, 19.31709623, 19.28979349, 19.2991457 , 19.27816153]), median=array([19.606117, 19.602503, 19.602606, 19.594355, 19.598267, 19.580984,
       19.59664 , 19.598982, 19.602552, 19.600172], dtype=float32), high=array([19.83564758, 19.82947731, 19.83682585, 19.86160755, 19.86046743,
       19.853549  , 19.87618303, 19.90817022, 19.90595913, 19.92218256]), model_score=0.1713592587297643, atr=0.0)

PredictionResult(low=array([19.38824177, 19.38622713, 19.38127518, 19.33775997, 19.34229469,
       19.3097105 , 19.3168745 , 19.29080153, 19.29604769, 19.2766552 ]), median=array([19.619675, 19.614763, 19.61237 , 19.602962, 19.60797 , 19.591984,
       19.603334, 19.606518, 19.611797, 19.609621], dtype=float32), high=array([19.8511076 , 19.84329939, 19.8434639 , 19.86816502, 19.87364388,
       19.87425709, 19.88979435, 19.92223406, 19.92754698, 19.9425869 ]), model_score=0.15045643215598323, atr=0.0)

PredictionResult(low=array([19.43173515, 19.43203086, 19.42586225, 19.38920426, 19.3987034 ,
       19.36499272, 19.38088155, 19.35905401, 19.36173527, 19.34546621]), median=array([19.626923, 19.621414, 19.61903 , 19.610336, 19.61661 , 19.599648,
       19.614   , 19.61495 , 19.617805, 19.615088], dtype=float32), high=array([19.82211007, 19.81079751, 19.81219775, 19.83146835, 19.83451575,
       19.83430232, 19.84711909, 19.87084635, 19.87387569, 19.88470881]), model_score=0.16568690490799934, atr=0.0)

